[
    13,
    14,
    12,
    7,
    8,
    6,
    5,
    6,
    4,
    9,
    10,
    8,
    11,
    12,
    10,
    10,
    12,
    8,
    12,
    14,
    8,
    14,
    15,
    8,
    25,
    26,
    24,
    0,
    1,
    29,
    1,
    2,
    29,
    29,
    2,
    28,
    2,
    3,
    28,
    28,
    3,
    27,
    19,
    20,
    18,
    21,
    22,
    20,
    3,
    4,
    27,
    4,
    6,
    27,
    8,
    15,
    6,
    6,
    15,
    27,
    15,
    16,
    27,
    16,
    17,
    27,
    24,
    26,
    23,
    17,
    18,
    27,
    20,
    22,
    18,
    23,
    26,
    22,
    18,
    22,
    27,
    22,
    26,
    27
]
